1.590000000000000000e+02 1.540000000000000000e+02 1.520000000000000000e+02
6.800000000000000000e+01 6.900000000000000000e+01 7.800000000000000000e+01
1.220000000000000000e+02 1.020000000000000000e+02 1.060000000000000000e+02
1.190000000000000000e+02 1.210000000000000000e+02 1.270000000000000000e+02
6.400000000000000000e+01 1.160000000000000000e+02 9.200000000000000000e+01
5.300000000000000000e+01 9.700000000000000000e+01 1.110000000000000000e+02
1.320000000000000000e+02 1.320000000000000000e+02 1.330000000000000000e+02
1.390000000000000000e+02 1.390000000000000000e+02 1.390000000000000000e+02
5.600000000000000000e+01 8.700000000000000000e+01 7.000000000000000000e+01
1.560000000000000000e+02 1.670000000000000000e+02 2.140000000000000000e+02
